#Units: Angstrom, air wavelengths.  superFATBOY is unit agnostic: give min_wavelength, max_wavelength and wavelength_scale_guess in the same units as this list.
#CuAr arclamp lines for GMOS (Gemini CuAr list as distributed with DRAGONS, 3478-10470 A; the lines commented out in that list are omitted).
#Columns: wavelength, relative intensity (all 1000: the list carries no intensities, so matching does not use them).
3478.2324 1000
3491.2440 1000
3561.0304 1000
3718.2065 1000
3729.3087 1000
3737.889 1000
3765.27 1000
3850.5813 1000
3868.5284 1000
3891.9792 1000
3946.0971 1000
3994.7918 1000
4013.8566 1000
4033.8093 1000
4044.4179 1000
4052.9208 1000
4072.3849 1000
4079.5738 1000
4103.9121 1000
4131.7235 1000
4158.5905 1000
4181.8836 1000
4191.0294 1000
4199.8891 1000
4228.158 1000
4237.2198 1000
4259.3619 1000
4277.5282 1000
4300.1008 1000
4309.2392 1000
4333.5612 1000
4348.064 1000
4370.7532 1000
4400.9863 1000
4448.8792 1000
4474.7594 1000
4481.8107 1000
4510.7332 1000
4545.0519 1000
4563.7429 1000
4579.3495 1000
4589.8978 1000
4596.0967 1000
4598.7627 1000
4609.5673 1000
4628.4409 1000
4637.2328 1000
4657.9012 1000
4702.3161 1000
4726.8683 1000
4764.8646 1000
4806.0205 1000
4847.8095 1000
4865.9105 1000
4879.8635 1000
4889.0422 1000
4904.7516 1000
4933.2091 1000
4965.0795 1000
5009.3344 1000
5017.1628 1000
5062.0371 1000
5090.4951 1000
5151.3907 1000
5162.2846 1000
5187.7462 1000
5218.2020 1000
5421.3517 1000
5451.6520 1000
5495.8738 1000
5506.1128 1000
5558.7020 1000
5572.5413 1000
5601.1216 1000
5606.7330 1000
5650.7043 1000
5739.5196 1000
5772.1143 1000
5802.0798 1000
5834.2633 1000
5860.3103 1000
5888.5841 1000
5912.0853 1000
5928.8130 1000
6032.1274 1000
6043.2233 1000
6059.3725 1000
6114.9234 1000
6145.4411 1000
6155.2385 1000
6172.2780 1000
6296.8722 1000
6307.6570 1000
6364.8937 1000
6369.5748 1000
6384.7169 1000
6416.3071 1000
6466.5526 1000
6483.0825 1000
6538.1120 1000
6604.8534 1000
6677.2817 1000
6752.8335 1000
6871.2891 1000
6937.6642 1000
6965.4307 1000
7030.2514 1000
7067.2181 1000
7147.0416 1000
7206.9804 1000
7272.9359 1000
7311.7159 1000
7353.2930 1000
7383.9805 1000
7503.8691 1000
7514.6518 1000
7635.1060 1000
7723.7611 1000
7724.2072 1000
7948.1764 1000
8006.1567 1000
8014.7857 1000
8103.6931 1000
8115.311 1000
8264.5225 1000
8408.2096 1000
8424.6475 1000
8521.4422 1000
8667.9442 1000
9122.9674 1000
9224.4992 1000
9354.2198 1000
9657.7863 1000
9784.5028 1000
10470.0535 1000
10673.63 1000
